0.02;0.03
0.52;0.03
1.01;0.03
1.52;0.03
2.02;0.03
2.52;0.03
3.02;0.03
3.52;0.03
4.02;0.03
4.52;0.03
5.02;0.03
5.52;0.03
6.02;0.03
6.52;0.03
7.02;0.03
7.52;0.03
8.02;0.03
8.52;0.03
9.02;0.03
9.52;0.03
10.02;0.03
10.52;0.03
11.02;0.03
11.52;0.03
12.02;0.03
12.52;0.03
13.02;0.03
13.52;0.03
14.02;0.03
14.52;0.03
15.02;0.03
15.52;0.03
16.02;0.03
16.52;0.03
17.02;0.03
17.52;0.03
18.02;0.03
18.52;0.03
19.02;0.03
19.52;0.03
20.03;0.03
20.53;0.03
21.04;0.03
21.54;0.03
22.05;0.03
22.55;0.03
23.06;0.03
23.56;0.03
24.07;0.03
24.57;0.03
25.08;0.04
25.58;0.04
26.09;0.05
26.59;0.05
27.1;0.05
27.6;0.05
28.11;0.05
28.61;0.06
29.11;0.06
29.61;0.06
30.12;0.06
30.62;0.08
31.13;0.08
31.63;0.1
32.14;0.1
32.65;0.1
33.15;0.1
33.66;0.16
34.16;0.16
34.67;0.33
35.17;0.33
35.68;0.33
36.18;0.33
36.68;0.64
37.18;0.64
37.68;0.64
38.18;0.79
38.69;0.79
39.19;0.79
39.7;0.79
40.21;1.16
40.71;1.16
41.22;1.27
41.72;1.27
42.23;1.27
42.73;1.27
43.23;1.48
43.73;1.48
44.24;1.58
44.74;1.58
45.25;1.58
45.75;1.58
46.26;1.77
46.76;1.77
47.27;1.77
47.77;1.77
48.28;1.93
48.78;1.93
49.29;1.93
49.79;2.0
50.3;2.0
50.8;2.0
51.3;2.0
51.8;2.12
52.3;2.12
52.8;2.18
53.3;2.18
53.8;2.18
54.3;2.18
54.8;2.28
55.3;2.28
55.81;2.32
56.31;2.32
56.81;2.32
57.31;2.32
57.81;2.44
58.31;2.44
58.82;2.44
59.33;2.47
59.84;2.47
60.34;2.47
60.85;2.47
61.35;2.54
61.86;2.54
62.36;2.56
62.87;2.56
63.37;2.56
63.88;2.56
64.38;2.62
64.89;2.62
65.39;2.62
65.9;2.62
66.4;2.66
66.91;2.66
67.41;2.68
67.92;2.68
68.42;2.68
68.93;2.68
69.43;2.72
69.94;2.72
70.44;2.72
70.95;2.74
71.45;2.74
71.95;2.74
72.45;2.74
72.96;2.77
73.46;2.77
73.97;2.78
74.47;2.78
74.98;2.78
75.48;2.78
75.98;2.81
76.48;2.81
76.98;2.82
77.48;2.82
77.99;2.82
78.5;2.84
79.0;2.84
79.51;2.84
80.01;2.85
80.52;2.85
81.02;2.85
81.53;2.87
82.03;2.87
82.54;2.87
83.04;2.87
83.55;2.89
84.05;2.89
84.55;2.89
85.05;2.89
85.56;2.89
86.06;2.89
86.57;2.91
87.07;2.91
87.58;2.92
88.09;2.92
88.59;2.92
89.1;2.92
89.61;2.93
90.11;2.93
90.62;2.93
91.12;2.94
91.63;2.94
92.13;2.94
92.63;2.94
93.13;2.95
93.64;2.95
94.14;2.96
94.65;2.96
95.15;2.96
95.66;2.96
96.16;2.97
96.67;2.97
97.17;2.98
97.68;2.98
98.19;2.98
98.69;2.98
99.2;2.99
99.7;2.99
100.2;2.99
100.71;2.99
101.21;2.99
101.72;2.99
102.22;2.99
102.73;3.0
103.23;3.0
103.74;3.0
104.24;3.0
104.75;3.0
105.25;3.0
105.76;3.01
106.26;3.01
106.77;3.01
107.28;3.01
107.79;3.02
108.29;3.02
108.79;3.02
109.3;3.02
109.8;3.02
110.31;3.02
110.81;3.03
111.31;3.03
111.81;3.03
112.32;3.03
112.82;3.03
113.33;3.03
113.84;3.03
114.35;3.04
114.85;3.04
115.36;3.04
115.86;3.04
116.37;3.04
116.87;3.04
117.38;3.05
117.88;3.05
118.38;3.05
118.88;3.05
119.38;3.05
119.88;3.05
120.39;3.06
120.9;3.06
121.4;3.06
121.91;3.06
122.41;3.06
122.92;3.06
123.42;3.06
123.93;3.06
124.43;3.06
124.94;3.06
125.44;3.06
125.95;3.07
126.45;3.07
126.96;3.07
127.46;3.07
127.97;3.07
128.47;3.07
128.98;3.07
129.48;3.07
129.99;3.08
130.49;3.08
130.99;3.08
131.49;3.08
131.99;3.08
132.49;3.08
132.99;3.08
133.49;3.08
134.0;3.08
134.51;3.08
135.01;3.08
135.52;3.08
136.02;3.08
136.53;3.08
137.03;3.08
137.54;3.09
138.04;3.09
138.55;3.09
139.05;3.09
139.56;3.09
140.07;3.09
140.58;3.09
141.08;3.09
141.59;3.09
142.09;3.09
142.6;3.09
143.11;3.09
143.61;3.09
144.12;3.09
144.62;3.09
145.13;3.09
145.63;3.09
146.14;3.09
146.64;3.09
147.15;3.09
147.65;3.09
148.16;3.09
148.66;3.09
149.17;3.09
149.68;3.09
150.19;3.09
150.69;3.09
151.19;3.09
151.69;3.09
152.2;3.09
152.7;3.09
153.21;3.09
153.71;3.09
154.21;3.1
154.71;3.1
155.22;3.1
155.72;3.1
156.22;3.1
156.72;3.1
157.23;3.1
157.73;3.1
158.24;3.1
158.75;3.1
159.25;3.1
159.75;3.1
160.25;3.1
160.76;3.1
161.27;3.1
161.77;3.1
162.28;3.1
162.78;3.1
163.29;3.1
163.79;3.11
164.3;3.11
164.8;3.11
165.3;3.11
165.8;3.11
166.31;3.11
166.81;3.11
167.32;3.11
167.82;3.11
168.33;3.11
168.83;3.11
169.34;3.11
169.85;3.11
170.36;3.11
170.87;3.11
171.37;3.11
171.88;3.11
172.39;3.12
172.89;3.12
173.39;3.12
173.89;3.12
174.39;3.12
174.89;3.12
175.39;3.12
175.89;3.12
176.39;3.12
176.89;3.12
177.39;3.12
177.89;3.12
178.39;3.12
178.89;3.12
179.39;3.12
179.89;3.12
180.4;3.12
180.91;3.12
181.42;3.12
181.93;3.12
182.43;3.12
182.93;3.12
183.44;3.12
183.95;3.12
184.46;3.12
184.96;3.12
185.46;3.12
185.96;3.13
186.46;3.13
186.96;3.13
187.46;3.13
187.96;3.13
188.46;3.13
188.96;3.13
189.46;3.13
189.97;3.13
190.48;3.13
190.99;3.13
191.49;3.13
191.99;3.13
192.49;3.13
192.99;3.13
193.5;3.13
194.0;3.13
194.51;3.13
195.01;3.13
195.52;3.13
196.02;3.13
196.53;3.13
197.03;3.13
197.54;3.13
198.04;3.13
198.55;3.13
199.05;3.13
199.56;3.13
200.06;3.13
200.57;3.13
201.07;3.13
201.58;3.13
202.08;3.14
202.58;3.14
203.08;3.14
203.58;3.14
204.08;3.14
204.58;3.14
205.08;3.14
205.58;3.14
206.08;3.14
206.58;3.14
207.08;3.14
207.59;3.14
208.1;3.14
208.61;3.14
209.12;3.14
209.63;3.14
210.13;3.14
210.64;3.14
211.14;3.14
211.64;3.14
212.15;3.14
212.66;3.14
213.16;3.14
213.66;3.14
214.16;3.14
214.66;3.14
215.16;3.14
215.66;3.14
216.16;3.14
216.66;3.14
217.17;3.14
217.67;3.14
218.17;3.14
218.67;3.14
219.17;3.14
219.67;3.14
220.17;3.14
220.68;3.14
221.19;3.14
221.7;3.14
222.21;3.14
222.72;3.14
223.22;3.14
223.73;3.14
224.23;3.14
224.73;3.14
225.24;3.14
225.75;3.14
226.26;3.14
226.76;3.14
227.27;3.14
227.77;3.14
228.27;3.14
228.78;3.14
229.28;3.14
229.79;3.14
230.3;3.14
230.8;3.14
231.31;3.14
231.82;3.14
232.32;3.14
232.82;3.14
233.32;3.14
233.82;3.14
234.32;3.14
234.82;3.14
235.32;3.14
235.82;3.14
236.32;3.14
236.82;3.14
237.32;3.14
237.82;3.14
238.32;3.14
238.82;3.14
239.33;3.14
239.83;3.14
240.33;3.14
240.83;3.14
241.34;3.14
241.85;3.14
242.35;3.14
242.85;3.14
243.35;3.14
243.85;3.14
244.35;3.14
244.85;3.14
245.36;3.14
245.87;3.14
246.38;3.14
246.88;3.14
247.38;3.14
247.88;3.14
248.38;3.14
248.88;3.14
249.38;3.14
249.88;3.14
250.38;3.14
250.88;3.14
251.38;3.14
251.88;3.14
252.38;3.14
252.88;3.14
253.38;3.14
253.88;3.14
254.38;3.14
254.88;3.14
255.38;3.14
255.88;3.14
256.39;3.14
256.9;3.14
257.4;3.14
257.9;3.14
258.4;3.15
258.9;3.15
259.4;3.15
259.9;3.15
260.4;3.15
260.9;3.15
261.4;3.15
261.9;3.15
262.4;3.15
262.91;3.15
263.42;3.15
263.92;3.15
264.43;3.15
264.94;3.15
265.44;3.15
265.94;3.15
266.44;3.15
266.94;3.15
267.45;3.15
267.96;3.15
268.47;3.15
268.98;3.15
269.48;3.15
269.98;3.15
270.48;3.15
270.98;3.15
271.48;3.15
271.98;3.15
272.48;3.15
272.98;3.15
273.49;3.15
273.99;3.15
274.49;3.15
275.0;3.15
275.51;3.15
276.02;3.15
276.53;3.15
277.04;3.15
277.55;3.15
278.06;3.15
278.57;3.15
279.07;3.15
279.57;3.15
280.07;3.15
280.57;3.15
281.07;3.15
281.57;3.15
282.07;3.15
282.57;3.15
283.07;3.15
283.57;3.15
284.07;3.15
284.57;3.15
285.08;3.15
285.58;3.15
286.08;3.15
286.58;3.15
287.08;3.15
287.58;3.15
288.08;3.14
288.58;3.14
289.08;3.15
289.59;3.15
290.09;3.15
290.6;3.15
291.1;3.15
291.6;3.15
292.1;3.15
292.6;3.15
293.1;3.15
293.6;3.15
294.1;3.15
294.6;3.15
295.1;3.15
295.61;3.15
296.11;3.15
296.61;3.15
297.11;3.15
297.61;3.15
298.11;3.15
298.61;3.15
299.11;3.15
299.61;3.15
300.11;3.15
300.62;3.15
301.12;3.15
301.62;3.15
302.12;3.15
302.62;3.15
303.12;3.15
303.62;3.15
304.12;3.15
304.62;3.15
305.12;3.15
305.62;3.15
306.12;3.15
306.62;3.15
307.12;3.15
307.62;3.15
308.12;3.15
308.62;3.15
309.13;3.15
309.64;3.15
310.15;3.15
310.66;3.15
311.16;3.15
311.67;3.15
312.17;3.15
312.67;3.15
313.17;3.16
313.67;3.16
314.17;3.16
314.67;3.16
315.17;3.16
315.67;3.16
316.17;3.16
316.67;3.16
317.17;3.16
317.67;3.16
318.17;3.16
318.67;3.16
319.17;3.16
319.67;3.15
320.17;3.15
320.68;3.15
321.18;3.15
321.69;3.15
322.19;3.15
322.69;3.15
323.2;3.16
323.71;3.16
324.22;3.16
324.73;3.16
325.24;3.16
325.75;3.16
326.26;3.16
326.77;3.16
327.28;3.16
327.79;3.16
328.3;3.16
328.81;3.16
329.32;3.16
329.83;3.16
330.34;3.16
330.85;3.16
331.36;3.16
331.87;3.16
332.38;3.16
332.89;3.16
333.4;3.16
333.91;3.16
334.42;3.16
334.93;3.16
335.44;3.16
335.95;3.16
336.45;3.16
336.95;3.16
337.45;3.16
337.95;3.16
338.45;3.16
338.95;3.16
339.45;3.16
339.95;3.16
340.45;3.16
340.95;3.16
341.46;3.16
341.96;3.16
342.46;3.16
342.96;3.16
343.46;3.16
343.96;3.16
344.46;3.16
344.96;3.16
345.46;3.16
345.96;3.16
346.48;3.16
346.98;3.16
347.49;3.16
347.99;3.16
348.5;3.16
349.0;3.16
349.51;3.16
350.01;3.16
350.52;3.16
351.02;3.16
351.52;3.16
352.02;3.16
352.52;3.16
353.02;3.16
353.52;3.16
354.02;3.16
354.53;3.16
355.04;3.16
355.54;3.16
356.05;3.16
356.55;3.16
357.05;3.16
357.56;3.16
358.06;3.16
358.57;3.16
359.08;3.16
359.59;3.16
360.1;3.16
360.61;3.16
361.12;3.16
361.63;3.16
362.14;3.16
362.65;3.16
363.16;3.16
363.67;3.16
364.18;3.16
364.69;3.16
365.2;3.16
365.71;3.16
366.22;3.16
366.73;3.16
367.23;3.16
367.74;3.16
368.24;3.16
368.75;3.16
369.25;3.16
369.76;3.16
370.26;3.16
370.77;3.16
371.27;3.16
371.78;3.16
372.28;3.16
372.79;3.16
373.29;3.16
373.8;3.16
374.3;3.16
374.81;3.16
375.31;3.16
375.82;3.16
376.32;3.16
376.83;3.16
377.33;3.16
377.84;3.16
378.34;3.16
378.85;3.16
379.35;3.16
379.86;3.16
380.36;3.16
380.87;3.16
381.37;3.16
381.88;3.16
382.38;3.16
382.89;3.16
383.39;3.16
383.9;3.16
384.4;3.16
384.91;3.16
385.41;3.16
385.91;3.16
386.41;3.16
386.91;3.16
387.41;3.16
387.91;3.16
388.41;3.16
388.91;3.16
389.42;3.16
389.93;3.16
390.44;3.16
390.95;3.16
391.46;3.16
391.97;3.16
392.48;3.16
392.99;3.16
393.5;3.16
394.0;3.16
394.5;3.16
395.0;3.16
395.51;3.16
396.01;3.16
396.51;3.16
397.01;3.16
397.51;3.16
398.01;3.16
398.51;3.16
399.01;3.16
399.51;3.16
400.01;3.16
400.51;3.16
401.01;3.16
401.51;3.16
402.01;3.16
402.52;3.16
403.02;3.16
403.53;3.17
404.03;3.17
404.54;3.17
405.04;3.17
405.55;3.17
406.05;3.17
406.56;3.17
407.06;3.17
407.57;3.17
408.07;3.17
408.58;3.17
409.08;3.17
409.59;3.17
410.09;3.17
410.6;3.17
411.1;3.17
411.61;3.17
412.11;3.17
412.62;3.17
413.12;3.17
413.63;3.17
414.13;3.17
414.64;3.17
415.14;3.17
415.65;3.17
416.15;3.17
416.66;3.17
417.16;3.17
417.67;3.17
418.17;3.17
418.68;3.17
419.18;3.17
419.69;3.17
420.19;3.17
420.69;3.17
421.19;3.17
421.7;3.17
422.2;3.17
422.71;3.17
423.21;3.17
423.71;3.17
424.21;3.17
424.71;3.17
425.21;3.17
425.71;3.17
426.21;3.17
426.71;3.17
427.21;3.17
427.71;3.17
428.22;3.17
428.72;3.17
429.22;3.17
429.72;3.17
430.22;3.17
430.72;3.17
431.22;3.17
431.72;3.17
432.22;3.17
432.72;3.17
433.22;3.17
433.72;3.17
434.22;3.17
434.72;3.17
435.22;3.17
435.72;3.17
436.23;3.17
436.73;3.17
437.24;3.17
437.75;3.17
438.26;3.17
438.77;3.17
439.27;3.17
439.77;3.17
440.27;3.17
440.77;3.17
441.27;3.17
441.77;3.17
442.27;3.17
442.77;3.17
443.27;3.17
443.77;3.17
444.27;3.17
444.77;3.17
445.28;3.17
445.78;3.17
446.28;3.17
446.78;3.17
447.28;3.17
447.78;3.17
448.28;3.17
448.78;3.17
449.28;3.17
449.78;3.17
450.28;3.17
450.78;3.17
451.28;3.17
451.78;3.17
452.28;3.17
452.78;3.17
453.29;3.17
453.79;3.17
454.29;3.17
454.79;3.17
455.29;3.17
455.8;3.17
456.31;3.17
456.81;3.17
457.31;3.17
457.81;3.17
458.31;3.17
458.81;3.17
459.31;3.17
459.81;3.17
460.31;3.17
460.81;3.17
461.31;3.17
461.81;3.17
462.32;3.17
462.82;3.17
463.33;3.17
463.83;3.17
464.34;3.17
464.84;3.17
465.35;3.17
465.85;3.17
466.35;3.17
466.85;3.17
467.35;3.17
467.86;3.17
468.37;3.17
468.88;3.17
469.39;3.18
469.9;3.18
470.41;3.18
470.92;3.18
471.43;3.18
471.94;3.18
472.45;3.18
472.96;3.18
473.47;3.18
473.98;3.18
474.49;3.18
475.0;3.18
475.51;3.18
476.02;3.18
476.52;3.18
477.03;3.18
477.53;3.18
478.03;3.18
478.53;3.18
479.03;3.18
479.53;3.18
480.03;3.18
480.53;3.18
481.03;3.18
481.54;3.18
482.05;3.18
482.56;3.18
483.07;3.18
483.58;3.18
484.09;3.18
484.6;3.18
485.11;3.18
485.62;3.18
486.13;3.18
486.64;3.18
487.15;3.18
487.66;3.18
488.17;3.18
488.67;3.18
489.17;3.18
489.67;3.18
490.17;3.18
490.67;3.18
491.17;3.18
491.67;3.18
492.17;3.18
492.67;3.18
493.17;3.18
493.67;3.18
494.17;3.18
494.67;3.18
495.17;3.18
495.67;3.18
496.18;3.18
496.69;3.18
497.2;3.18
497.71;3.18
498.22;3.18
498.73;3.18
499.24;3.18
499.75;3.18
500.26;3.18
500.76;3.18
501.27;3.18
501.78;3.18
502.29;3.18
502.8;3.18
503.31;3.18
503.82;3.18
504.32;3.18
504.82;3.18
505.32;3.18
505.82;3.18
506.32;3.18
506.82;3.18
507.32;3.18
507.82;3.18
508.32;3.18
508.82;3.18
509.32;3.18
509.82;3.18
510.32;3.18
510.82;3.18
511.32;3.18
511.82;3.18
512.32;3.18
512.82;3.18
513.32;3.18
513.82;3.18
514.32;3.18
514.82;3.18
515.32;3.18
515.82;3.18
516.33;3.18
516.84;3.18
517.35;3.18
517.86;3.18
518.37;3.18
518.88;3.18
519.39;3.18
519.9;3.18
520.41;3.18
520.92;3.18
521.43;3.18
521.94;3.18
522.45;3.18
522.96;3.18
523.47;3.18
523.98;3.18
524.49;3.18
524.99;3.18
525.49;3.18
525.99;3.18
526.49;3.18
526.99;3.18
527.49;3.18
528.0;3.18
528.5;3.18
529.01;3.18
529.51;3.18
530.01;3.18
530.51;3.18
531.01;3.18
531.51;3.18
532.02;3.18
532.52;3.18
533.03;3.18
533.53;3.18
534.04;3.18
534.54;3.18
535.05;3.18
535.55;3.18
536.06;3.18
536.56;3.18
537.06;3.18
537.56;3.18
538.07;3.18
538.57;3.18
539.08;3.18
539.58;3.18
540.09;3.18
540.59;3.18
541.1;3.18
541.6;3.18
542.11;3.18
542.61;3.18
543.12;3.18
543.62;3.18
544.13;3.18
544.63;3.18
545.14;3.18
545.64;3.18
546.15;3.18
546.65;3.18
547.16;3.18
547.66;3.18
548.17;3.18
548.67;3.18
549.18;3.18
549.68;3.18
550.19;3.18
550.69;3.18
551.2;3.18
551.7;3.18
552.21;3.18
552.71;3.18
553.22;3.18
553.72;3.18
554.23;3.18
554.73;3.18
555.24;3.18
555.74;3.18
556.25;3.18
556.75;3.18
557.26;3.18
557.76;3.18
558.27;3.18
558.77;3.18
559.28;3.18
559.78;3.18
560.28;3.18
560.78;3.18
561.28;3.18
561.78;3.18
562.29;3.18
562.79;3.19
563.29;3.19
563.79;3.19
564.29;3.19
564.79;3.19
565.29;3.19
565.79;3.19
566.29;3.19
566.79;3.19
567.29;3.19
567.79;3.19
568.29;3.19
568.79;3.18
569.29;3.18
569.79;3.18
570.29;3.18
570.79;3.18
571.29;3.18
571.79;3.18
572.29;3.18
572.79;3.18
573.29;3.18
573.79;3.18
574.29;3.18
574.79;3.18
575.29;3.18
575.8;3.18
576.31;3.18
576.82;3.18
577.33;3.19
577.84;3.19
578.35;3.19
578.85;3.19
579.36;3.19
579.86;3.19
580.36;3.19
580.86;3.19
581.36;3.19
581.86;3.19
582.36;3.19
582.86;3.19
583.36;3.19
583.86;3.18
584.36;3.18
584.86;3.18
585.36;3.18
585.86;3.18
586.36;3.18
586.86;3.18
587.36;3.18
587.87;3.18
588.37;3.18
588.88;3.18
589.39;3.19
589.89;3.19
590.39;3.19
590.89;3.19
591.39;3.19
591.89;3.19
592.39;3.19
592.89;3.19
593.39;3.19
593.89;3.19
594.39;3.19
594.89;3.18
595.39;3.18
595.89;3.18
596.39;3.18
596.89;3.18
597.39;3.18
597.89;3.19
598.39;3.19
598.89;3.19
599.39;3.19
599.89;3.19
600.39;3.19
600.89;3.19
601.39;3.19
601.89;3.19
602.39;3.19
602.89;3.19
603.39;3.19
603.89;3.19
604.39;3.19
604.89;3.19
605.4;3.19
605.9;3.19
606.4;3.19
606.9;3.19
607.4;3.19
607.9;3.19
608.4;3.19
608.9;3.19
609.4;3.19
609.9;3.19
610.4;3.19
610.9;3.19
611.4;3.19
611.9;3.19
612.4;3.19
612.9;3.19
613.4;3.19
613.9;3.19
614.4;3.19
614.9;3.19
615.4;3.19
615.9;3.19
616.4;3.19
616.9;3.19
617.4;3.19
617.9;3.19
618.4;3.19
618.9;3.19
619.4;3.19
619.9;3.19
620.4;3.19
620.91;3.19
621.41;3.19
621.91;3.19
622.41;3.19
622.91;3.19
623.41;3.19
623.91;3.19
624.42;3.19
624.93;3.19
625.43;3.19
625.93;3.19
626.43;3.19
626.93;3.19
627.43;3.19
627.93;3.19
628.43;3.19
628.93;3.19
629.43;3.19
629.93;3.19
630.43;3.19
630.93;3.19
631.43;3.19
631.93;3.19
632.43;3.19
632.93;3.19
633.43;3.19
633.93;3.19
634.43;3.19
634.93;3.19
635.43;3.19
635.93;3.19
636.43;3.19
636.94;3.19
637.44;3.19
637.94;3.19
638.44;3.19
638.94;3.19
639.44;3.19
639.94;3.19
640.45;3.19
640.95;3.19
641.45;3.19
641.95;3.19
642.45;3.19
642.96;3.19
643.47;3.19
643.98;3.19
644.49;3.19
645.0;3.19
645.51;3.19
646.02;3.19
646.53;3.19
647.04;3.19
647.55;3.19
648.06;3.19
648.57;3.19
649.07;3.19
649.58;3.19
650.09;3.19
650.6;3.19
651.11;3.19
651.61;3.19
652.11;3.19
652.62;3.19
653.12;3.19
653.63;3.19
654.14;3.19
654.65;3.19
655.15;3.19
655.66;3.19
656.16;3.19
656.66;3.19
657.16;3.19
657.66;3.19
658.16;3.19
658.66;3.19
659.16;3.19
659.67;3.19
660.18;3.19
660.69;3.19
661.2;3.19
661.71;3.19
662.22;3.19
662.73;3.19
663.24;3.19
663.75;3.19
664.26;3.19
664.77;3.19
665.28;3.19
665.79;3.19
666.3;3.19
666.8;3.19
667.3;3.19
667.8;3.19
668.3;3.2
668.8;3.2
669.3;3.2
669.8;3.2
670.3;3.2
670.8;3.2
671.3;3.2
671.8;3.2
672.3;3.2
672.8;3.2
673.3;3.2
673.8;3.19
674.3;3.19
674.8;3.2
675.3;3.2
675.81;3.2
676.31;3.2
676.82;3.2
677.32;3.2
677.83;3.2
678.33;3.2
678.84;3.2
679.34;3.2
679.85;3.2
680.35;3.2
680.86;3.2
681.36;3.2
681.87;3.2
682.37;3.2
682.88;3.2
683.38;3.2
683.89;3.2
684.39;3.2
684.9;3.2
685.4;3.2
685.91;3.2
686.41;3.2
686.91;3.2
687.41;3.2
687.92;3.19
688.42;3.19
688.92;3.19
689.42;3.19
689.93;3.19
690.44;3.19
690.95;3.19
691.46;3.19
691.97;3.19
692.48;3.19
692.99;3.19
693.5;3.19
694.01;3.19
694.52;3.19
695.03;3.19
695.54;3.19
696.04;3.19
696.54;3.19
697.04;3.19
697.54;3.19
698.05;3.19
698.56;3.19
699.06;3.19
699.57;3.19
700.07;3.19
700.57;3.19
701.07;3.19
701.57;3.19
702.07;3.19
702.57;3.19
703.07;3.19
703.57;3.19
704.08;3.19
704.59;3.19
705.1;3.19
705.61;3.19
706.11;3.19
706.61;3.19
707.12;3.19
707.62;3.19
708.12;3.19
708.62;3.19
709.12;3.2
709.62;3.2
710.12;3.2
710.62;3.2
711.12;3.2
711.62;3.2
712.12;3.2
712.62;3.2
713.13;3.2
713.64;3.2
714.14;3.2
714.64;3.2
715.15;3.2
715.65;3.2
716.15;3.2
716.65;3.2
717.15;3.2
717.65;3.2
718.15;3.2
718.65;3.2
719.15;3.2
719.66;3.2
720.16;3.2
720.67;3.2
721.17;3.2
721.67;3.2
722.18;3.2
722.68;3.2
723.18;3.2
723.68;3.2
724.18;3.2
724.69;3.2
725.19;3.2
725.69;3.2
726.19;3.2
726.7;3.2
727.2;3.2
727.71;3.2
728.21;3.2
728.72;3.2
729.22;3.2
729.72;3.2
730.22;3.2
730.72;3.2
731.22;3.2
731.72;3.2
732.22;3.2
732.72;3.2
733.22;3.2
733.72;3.2
734.22;3.2
734.72;3.2
735.22;3.2
735.72;3.2
736.22;3.2
736.73;3.2
737.24;3.2
737.75;3.2
738.25;3.2
738.76;3.2
739.26;3.2
739.77;3.2
740.28;3.19
740.79;3.19
741.29;3.19
741.8;3.19
742.3;3.19
742.8;3.19
743.3;3.19
743.8;3.19
744.3;3.19
744.8;3.19
745.3;3.19
745.8;3.19
746.3;3.19
746.8;3.19
747.3;3.19
747.8;3.19
748.3;3.2
748.8;3.2
749.3;3.2
749.8;3.2
750.3;3.2
750.8;3.2
751.3;3.2
751.8;3.2
752.3;3.2
752.8;3.2
753.31;3.2
753.81;3.2
754.31;3.2
754.81;3.2
755.31;3.2
755.81;3.2
756.31;3.2
756.81;3.2
757.31;3.2
757.82;3.2
758.33;3.2
758.84;3.2
759.34;3.2
759.84;3.2
760.34;3.2
760.85;3.2
761.35;3.2
761.85;3.2
762.35;3.2
762.85;3.2
763.35;3.2
763.85;3.2
764.35;3.2
764.85;3.2
765.35;3.2
765.85;3.2
766.35;3.2
766.85;3.2
767.35;3.2
767.85;3.2
768.35;3.2
768.85;3.2
769.35;3.2
769.85;3.2
770.35;3.2
770.85;3.2
771.37;3.2
771.87;3.2
772.38;3.2
772.89;3.2
773.4;3.2
773.91;3.2
774.42;3.2
774.93;3.2
775.44;3.2
775.95;3.2
776.46;3.2
776.97;3.2
777.48;3.2
777.99;3.2
778.5;3.2
779.01;3.2
779.52;3.2
780.03;3.2
780.54;3.2
781.04;3.2
781.55;3.2
782.05;3.2
782.55;3.2
783.06;3.2
783.56;3.2
784.06;3.2
784.56;3.2
785.06;3.2
785.56;3.2
786.06;3.2
786.56;3.2
787.06;3.2
787.56;3.2
788.06;3.2
788.57;3.2
789.08;3.2
789.58;3.2
790.08;3.2
790.58;3.2
791.08;3.2
791.58;3.2
792.08;3.2
792.58;3.2
793.08;3.2
793.58;3.2
794.08;3.2
794.58;3.2
795.08;3.2
795.58;3.2
796.08;3.2
796.58;3.2
797.08;3.2
797.58;3.2
798.08;3.2
798.59;3.2
799.08;3.2
799.58;3.2
800.08;3.2
800.58;3.2
801.09;3.2
801.59;3.2
802.09;3.2
802.6;3.2
803.09;3.2
803.61;3.2
804.12;3.2
804.62;3.2
805.12;3.2
805.62;3.2
806.12;3.2
806.62;3.2
807.12;3.2
807.62;3.2
808.12;3.2
808.62;3.2
809.12;3.2
809.63;3.2
810.13;3.2
810.64;3.2
811.14;3.2
811.65;3.2
812.15;3.2
812.65;3.2
813.15;3.2
813.65;3.2
814.15;3.2
814.65;3.2
815.15;3.2
815.65;3.2
816.15;3.2
816.65;3.2
817.15;3.2
817.65;3.2
818.15;3.2
818.65;3.2
819.16;3.2
819.65;3.2
820.15;3.2
820.65;3.2
821.15;3.2
821.65;3.2
822.15;3.2
822.65;3.2
823.15;3.2
823.65;3.2
824.15;3.2
824.66;3.2
825.15;3.2
825.66;3.2
826.15;3.2
826.66;3.2
827.15;3.2
827.66;3.2
828.15;3.2
828.65;3.2
829.17;3.2
829.67;3.2
830.17;3.2
830.67;3.2
831.17;3.2
831.67;3.2
832.17;3.2
832.67;3.2
833.17;3.2
833.67;3.2
834.17;3.2
834.67;3.2
835.18;3.21
835.69;3.21
836.19;3.21
836.69;3.21
837.2;3.21
837.69;3.21
838.19;3.21
838.69;3.21
839.19;3.21
839.7;3.21
840.19;3.21
840.69;3.21
841.19;3.21
841.69;3.21
842.19;3.21
842.69;3.2
843.19;3.2
843.69;3.2
844.2;3.2
844.69;3.2
845.2;3.2
845.69;3.2
846.19;3.2
846.7;3.2
847.19;3.2
847.7;3.2
848.19;3.21
848.69;3.21
849.2;3.21
849.7;3.21
850.19;3.21
850.7;3.21
851.2;3.21
851.72;3.21
852.21;3.21
852.71;3.21
853.21;3.21
853.71;3.21
854.21;3.21
854.71;3.21
855.21;3.21
855.71;3.21
856.21;3.21
856.72;3.21
857.22;3.21
857.71;3.21
858.22;3.21
858.72;3.21
859.22;3.21
859.71;3.21
860.22;3.21
860.71;3.21
861.21;3.21
861.71;3.21
862.21;3.21
862.72;3.21
863.21;3.21
863.71;3.21
864.21;3.21
864.71;3.21
865.22;3.21
865.71;3.21
866.21;3.21
866.71;3.21
867.22;3.21
867.72;3.21
868.22;3.21
868.72;3.21
869.22;3.21
869.73;3.21
870.24;3.21
870.74;3.21
871.24;3.21
871.74;3.21
872.24;3.21
872.74;3.21
873.24;3.21
873.74;3.21
874.24;3.21
874.74;3.21
875.24;3.21
875.74;3.21
876.23;3.21
876.74;3.21
877.24;3.21
877.74;3.22
878.24;3.22
878.74;3.22
879.24;3.22
879.74;3.22
880.24;3.22
880.74;3.22
881.23;3.22
881.74;3.22
882.23;3.22
882.74;3.22
883.23;3.22
883.74;3.22
884.23;3.22
884.74;3.22
885.23;3.22
885.74;3.22
886.25;3.22
886.76;3.22
887.27;3.22
887.78;3.22
888.29;3.22
888.8;3.22
889.31;3.22
889.82;3.22
890.32;3.22
890.82;3.22
891.33;3.22
891.84;3.22
892.35;3.22
892.86;3.22
893.37;3.22
893.88;3.22
894.39;3.22
894.89;3.22
895.39;3.22
895.89;3.22
896.39;3.22
896.89;3.22
897.39;3.22
897.89;3.22
898.39;3.22
898.89;3.22
899.39;3.22
899.89;3.22
900.39;3.22
900.89;3.22
901.39;3.22
901.89;3.22
902.39;3.22
902.88;3.22
903.39;3.22
903.89;3.22
904.39;3.22
904.9;3.22
905.41;3.22
905.92;3.22
906.41;3.22
906.92;3.22
907.41;3.22
907.92;3.22
908.41;3.22
908.92;3.22
909.42;3.22
909.92;3.22
910.42;3.22
910.92;3.22
911.42;3.22
911.92;3.22
912.43;3.22
912.93;3.22
913.43;3.22
913.93;3.22
914.43;3.22
914.93;3.22
915.43;3.22
915.93;3.22
916.43;3.22
916.93;3.22
917.43;3.22
917.92;3.22
918.43;3.22
918.92;3.22
919.43;3.22
919.92;3.22
920.43;3.22
920.93;3.22
921.44;3.22
921.93;3.22
922.44;3.22
922.93;3.22
923.44;3.22
923.94;3.22
924.44;3.22
924.94;3.22
925.45;3.22
925.96;3.22
926.47;3.22
926.98;3.22
927.49;3.22
928.0;3.22
928.51;3.22
929.0;3.22
929.51;3.22
930.01;3.22
930.51;3.22
931.0;3.22
931.51;3.22
932.01;3.22
932.51;3.22
933.02;3.22
933.53;3.22
934.04;3.22
934.55;3.22
935.06;3.22
935.56;3.22
936.06;3.22
936.56;3.22
937.06;3.22
937.56;3.22
938.06;3.22
938.56;3.22
939.06;3.22
939.56;3.22
940.06;3.22
940.56;3.22
941.06;3.22
941.56;3.22
942.06;3.22
942.56;3.22
943.07;3.22
943.57;3.22
944.07;3.22
944.57;3.22
945.07;3.22
945.57;3.22
946.07;3.22
946.57;3.22
947.07;3.22
947.57;3.22
948.08;3.22
948.59;3.22
949.1;3.22
949.61;3.22
950.12;3.22
950.63;3.22
951.14;3.22
951.65;3.22
952.16;3.22
952.67;3.22
953.18;3.22
953.69;3.22
954.2;3.22
954.71;3.22
955.21;3.22
955.71;3.22
956.21;3.22
956.71;3.22
957.21;3.22
957.71;3.22
958.21;3.22
958.71;3.22
959.21;3.22
959.71;3.22
960.21;3.22
960.71;3.22
961.21;3.22
961.71;3.22
962.21;3.23
962.71;3.23
963.21;3.23
963.71;3.23
964.21;3.23
964.71;3.23
965.21;3.23
965.71;3.23
966.21;3.23
966.71;3.23
967.21;3.23
967.71;3.23
968.21;3.23
968.71;3.23
969.22;3.23
969.72;3.23
970.23;3.23
970.73;3.23
971.23;3.23
971.73;3.23
972.23;3.23
972.73;3.23
973.23;3.23
973.73;3.23
974.23;3.23
974.73;3.23
975.23;3.23
975.73;3.23
976.24;3.23
976.74;3.23
977.24;3.23
977.74;3.23
978.24;3.23
978.74;3.23
979.24;3.23
979.74;3.23
980.24;3.23
980.74;3.23
981.24;3.23
981.74;3.23
982.24;3.23
982.75;3.23
983.26;3.23
983.76;3.23
984.26;3.23
984.76;3.23
985.26;3.23
985.77;3.23
986.27;3.23
986.78;3.23
987.28;3.23
987.79;3.23
988.29;3.23
988.8;3.23
989.3;3.23
989.81;3.23
990.31;3.23
990.82;3.23
991.32;3.23
991.83;3.23
992.33;3.23
992.84;3.23
993.34;3.23
993.85;3.23
994.35;3.23
994.86;3.23
995.36;3.23
995.87;3.23
996.37;3.23
996.87;3.23
997.37;3.23
997.87;3.23
998.37;3.23
998.87;3.23
999.37;3.23
999.87;3.23
1000.37;3.23
1000.88;3.23
1001.38;3.23
1001.88;3.23
1002.38;3.23
1002.88;3.23
1003.38;3.23
1003.88;3.23
1004.38;3.23
1004.88;3.23
1005.38;3.23
1005.88;3.23
1006.38;3.23
1006.88;3.23
1007.38;3.23
1007.88;3.23
1008.39;3.23
1008.89;3.23
1009.39;3.23
1009.89;3.23
1010.4;3.23
1010.91;3.23
1011.41;3.23
1011.91;3.23
1012.41;3.23
1012.91;3.23
1013.41;3.23
1013.91;3.23
1014.41;3.23
1014.91;3.23
1015.41;3.23
1015.91;3.23
1016.41;3.23
1016.91;3.23
1017.41;3.23
1017.91;3.23
1018.41;3.23
1018.91;3.23
1019.41;3.23
1019.91;3.23
1020.41;3.23
1020.91;3.23
1021.41;3.23
1021.91;3.23
1022.41;3.23
1022.91;3.23
1023.41;3.23
1023.91;3.23
1024.41;3.23
1024.91;3.23
1025.41;3.23
1025.91;3.23
1026.41;3.23
1026.91;3.23
1027.41;3.23
1027.92;3.23
1028.42;3.23
1028.92;3.23
1029.42;3.23
1029.92;3.23
1030.42;3.23
1030.92;3.23
1031.42;3.23
1031.93;3.23
1032.43;3.23
1032.94;3.23
1033.44;3.23
1033.95;3.23
1034.45;3.23
1034.96;3.23
1035.46;3.23
1035.96;3.23
1036.46;3.23
1036.97;3.23
1037.47;3.23
1037.98;3.23
1038.48;3.23
1038.99;3.23
1039.49;3.23
1040.0;3.23
1040.5;3.23
1041.0;3.23
1041.5;3.23
1042.0;3.23
1042.5;3.23
1043.01;3.23
1043.51;3.23
1044.02;3.23
1044.52;3.23
1045.03;3.23
1045.53;3.23
1046.04;3.24
1046.54;3.24
1047.05;3.24
1047.55;3.24
1048.06;3.24
1048.56;3.24
1049.06;3.24
1049.56;3.24
1050.06;3.24
1050.56;3.24
1051.06;3.24
1051.56;3.24
1052.06;3.24
1052.56;3.24
1053.06;3.24
1053.56;3.24
1054.07;3.24
1054.57;3.23
1055.08;3.23
1055.58;3.23
1056.09;3.23
1056.59;3.23
1057.09;3.23
1057.59;3.23
1058.09;3.23
1058.59;3.23
1059.09;3.23
1059.59;3.23
1060.09;3.23
1060.59;3.24
1061.09;3.24
1061.59;3.24
1062.09;3.24
1062.59;3.24
1063.09;3.24
1063.59;3.24
1064.09;3.24
1064.59;3.24
1065.09;3.24
1065.59;3.24
1066.09;3.24
1066.59;3.24
1067.09;3.24
1067.59;3.24
1068.09;3.24
1068.59;3.24
1069.09;3.24
1069.59;3.24
1070.09;3.24
1070.59;3.24
1071.09;3.24
1071.59;3.24
1072.09;3.24
1072.59;3.24
1073.1;3.24
1073.6;3.24
1074.1;3.24
1074.6;3.24
1075.1;3.24
1075.6;3.24
1076.1;3.24
1076.6;3.24
1077.1;3.24
1077.6;3.24
1078.1;3.24
1078.6;3.24
1079.1;3.24
1079.6;3.24
1080.1;3.24
1080.6;3.24
1081.1;3.24
1081.6;3.24
1082.1;3.24
1082.6;3.24
1083.1;3.24
1083.6;3.24
1084.1;3.24
1084.6;3.24
1085.11;3.24
1085.61;3.24
1086.11;3.24
1086.61;3.24
1087.11;3.24
1087.61;3.24
1088.11;3.24
1088.61;3.24
1089.12;3.24
1089.62;3.24
1090.13;3.24
1090.63;3.24
1091.14;3.24
1091.64;3.24
1092.15;3.24
1092.65;3.24
1093.16;3.24
1093.66;3.24
1094.16;3.24
1094.66;3.24
1095.17;3.24
1095.67;3.24
1096.18;3.24
1096.68;3.24
1097.19;3.24
1097.69;3.24
1098.19;3.24
1098.69;3.24
1099.19;3.24
1099.69;3.24
1100.2;3.24
1100.7;3.24
1101.21;3.24
1101.71;3.24
1102.22;3.24
1102.72;3.24
1103.22;3.24
1103.72;3.24
1104.22;3.24
1104.72;3.24
1105.22;3.24
1105.72;3.24
1106.23;3.24
1106.73;3.24
1107.24;3.24
1107.74;3.24
1108.25;3.24
1108.75;3.24
1109.25;3.24
1109.75;3.24
1110.25;3.24
1110.75;3.24
1111.25;3.24
1111.75;3.24
1112.25;3.24
1112.75;3.24
1113.25;3.24
1113.75;3.24
1114.25;3.24
1114.75;3.24
1115.25;3.24
1115.75;3.24
1116.25;3.24
1116.75;3.24
1117.25;3.24
1117.75;3.24
1118.25;3.24
1118.75;3.24
1119.25;3.24
1119.75;3.24
1120.25;3.24
1120.75;3.24
1121.25;3.24
1121.75;3.24
1122.25;3.24
1122.75;3.24
1123.25;3.24
1123.75;3.24
1124.25;3.24
1124.75;3.24
1125.25;3.24
1125.75;3.24
1126.25;3.24
1126.75;3.24
1127.26;3.24
1127.76;3.24
1128.27;3.24
1128.77;3.24
1129.28;3.24
1129.78;3.24
1130.29;3.24
1130.79;3.24
1131.29;3.24
1131.79;3.24
1132.3;3.24
1132.8;3.24
1133.3;3.24
1133.8;3.24
1134.3;3.24
1134.8;3.24
1135.3;3.24
1135.8;3.24
1136.3;3.24
1136.8;3.24
1137.3;3.24
1137.8;3.24
1138.3;3.24
1138.8;3.24
1139.31;3.24
1139.81;3.24
1140.32;3.24
1140.82;3.24
1141.33;3.24
1141.83;3.24
1142.33;3.24
1142.83;3.24
1143.33;3.24
1143.83;3.24
1144.33;3.24
1144.83;3.24
1145.33;3.24
1145.83;3.24
1146.34;3.24
1146.84;3.24
1147.35;3.24
1147.86;3.24
1148.37;3.24
1148.88;3.24
1149.39;3.24
1149.9;3.24
1150.4;3.24
1150.9;3.24
1151.4;3.24
1151.9;3.24
1152.4;3.24
1152.9;3.24
1153.4;3.24
1153.9;3.24
1154.4;3.24
1154.9;3.24
1155.4;3.24
1155.9;3.24
1156.4;3.24
1156.9;3.24
1157.4;3.24
1157.9;3.24
1158.41;3.24
1158.91;3.24
1159.42;3.24
1159.92;3.24
1160.43;3.24
1160.93;3.24
1161.44;3.24
1161.94;3.24
1162.45;3.25
1162.95;3.25
1163.46;3.25
1163.96;3.25
1164.47;3.25
1164.97;3.25
1165.48;3.25
1165.98;3.25
1166.48;3.25
1166.98;3.25
1167.48;3.25
1167.98;3.25
1168.48;3.25
1168.98;3.24
1169.48;3.24
1169.98;3.24
1170.48;3.24
1170.98;3.24
1171.48;3.24
1171.98;3.24
1172.48;3.24
1172.98;3.24
1173.48;3.24
1173.98;3.24
1174.48;3.24
1174.98;3.25
1175.48;3.25
1175.98;3.25
1176.48;3.25
1176.98;3.25
1177.48;3.25
1177.98;3.25
1178.48;3.25
1178.98;3.25
1179.48;3.25
1179.98;3.25
1180.48;3.24
1180.98;3.24
1181.48;3.25
1181.98;3.25
1182.48;3.25
1182.98;3.25
1183.48;3.25
1183.98;3.25
1184.48;3.25
1184.98;3.25
1185.48;3.25
1185.98;3.25
1186.48;3.25
1186.98;3.25
1187.48;3.25
1187.98;3.25
1188.49;3.25
1189.0;3.25
1189.5;3.25
1190.0;3.25
1190.5;3.25
1191.0;3.25
1191.5;3.25
1192.01;3.25
1192.51;3.25
1193.02;3.25
1193.52;3.25
1194.02;3.25
1194.52;3.25
1195.03;3.25
1195.53;3.25
1196.04;3.25
1196.54;3.25
1197.04;3.25
1197.54;3.25
1198.04;3.25
1198.54;3.25
1199.04;3.25
1199.54;3.25
1200.04;3.25
1200.54;3.25
1201.04;3.25
1201.54;3.25
1202.04;3.25
1202.54;3.25
1203.04;3.25
1203.54;3.25
1204.04;3.25
1204.54;3.25
1205.04;3.25
1205.54;3.25
1206.04;3.25
1206.54;3.25
1207.04;3.25
1207.54;3.25
1208.04;3.25
1208.54;3.25
1209.04;3.25
1209.54;3.25
1210.04;3.25
1210.54;3.25
1211.04;3.25
1211.54;3.25
1212.04;3.25
1212.54;3.25
1213.04;3.25
1213.54;3.25
1214.05;3.25
1214.55;3.25
1215.05;3.25
1215.55;3.25
1216.05;3.25
1216.55;3.25
1217.05;3.25
1217.55;3.25
1218.05;3.25
1218.55;3.25
1219.05;3.25
1219.55;3.25
1220.05;3.25
1220.55;3.25
1221.05;3.25
1221.55;3.25
1222.05;3.25
1222.55;3.25
1223.05;3.25
1223.55;3.25
1224.05;3.25
1224.55;3.25
1225.05;3.25
1225.55;3.25
1226.05;3.25
1226.55;3.25
1227.05;3.25
1227.55;3.25
1228.05;3.25
1228.55;3.25
1229.05;3.25
1229.55;3.25
1230.05;3.25
1230.55;3.25
1231.05;3.25
1231.55;3.25
1232.06;3.25
1232.56;3.25
1233.07;3.25
1233.57;3.25
1234.07;3.25
1234.57;3.25
1235.07;3.25
1235.57;3.25
1236.07;3.25
1236.57;3.25
1237.07;3.25
1237.57;3.25
1238.07;3.25
1238.57;3.25
1239.07;3.25
1239.57;3.25
1240.07;3.25
1240.57;3.25
1241.07;3.25
1241.57;3.25
1242.07;3.25
1242.57;3.25
1243.07;3.25
1243.57;3.25
1244.08;3.25
1244.58;3.25
1245.09;3.25
1245.59;3.25
1246.1;3.25
1246.6;3.25
1247.11;3.25
1247.61;3.25
1248.11;3.25
1248.61;3.25
1249.12;3.25
1249.62;3.25
1250.13;3.25
1250.63;3.25
1251.14;3.25
1251.64;3.25
1252.15;3.25
1252.65;3.25
1253.16;3.25
1253.66;3.25
1254.17;3.25
1254.67;3.25
1255.18;3.25
1255.68;3.25
1256.19;3.25
1256.69;3.26
1257.2;3.26
1257.7;3.26
1258.2;3.26
1258.7;3.26
1259.2;3.26
1259.7;3.26
1260.2;3.26
1260.7;3.26
1261.2;3.26
1261.7;3.26
1262.2;3.26
1262.7;3.26
1263.2;3.26
1263.7;3.26
1264.2;3.26
1264.7;3.26
1265.2;3.26
1265.7;3.26
1266.2;3.26
1266.7;3.26
1267.2;3.26
1267.7;3.26
1268.21;3.26
1268.71;3.26
1269.21;3.26
1269.71;3.26
1270.21;3.26
1270.71;3.26
1271.22;3.26
1271.73;3.26
1272.23;3.26
1272.73;3.26
1273.23;3.26
1273.73;3.26
1274.23;3.26
1274.73;3.26
1275.23;3.26
1275.73;3.26
1276.23;3.26
1276.73;3.26
1277.24;3.26
1277.74;3.26
1278.25;3.26
1278.76;3.26
1279.27;3.26
1279.78;3.26
1280.29;3.26
1280.79;3.26
1281.29;3.26
1281.79;3.26
1282.29;3.26
1282.79;3.26
1283.29;3.26
1283.79;3.26
1284.29;3.26
1284.79;3.26
1285.29;3.26
1285.79;3.26
1286.29;3.26
1286.79;3.26
1287.3;3.26
1287.81;3.26
1288.32;3.26
1288.83;3.26
1289.34;3.26
1289.85;3.26
1290.36;3.26
1290.87;3.26
1291.37;3.26
1291.87;3.26
1292.37;3.26
1292.87;3.26
1293.37;3.26
1293.87;3.26
1294.38;3.26
1294.88;3.26
1295.38;3.26
1295.88;3.26
1296.38;3.26
1296.88;3.26
1297.38;3.26
1297.88;3.25
1298.38;3.25
1298.88;3.25
1299.38;3.25
1299.88;3.25
1300.38;3.25
1300.88;3.25
1301.38;3.25
1301.88;3.25
1302.38;3.25
1302.88;3.25
1303.38;3.26
1303.88;3.26
1304.39;3.26
1304.9;3.26
1305.41;3.26
1305.91;3.26
1306.41;3.26
1306.92;3.26
1307.42;3.26
1307.93;3.26
1308.43;3.26
1308.94;3.26
1309.44;3.26
1309.94;3.26
1310.44;3.26
1310.94;3.26
1311.44;3.26
1311.94;3.26
1312.44;3.26
1312.94;3.26
1313.44;3.26
1313.94;3.26
1314.44;3.26
1314.94;3.26
1315.44;3.26
1315.94;3.26
1316.44;3.26
1316.94;3.26
1317.44;3.26
1317.94;3.26
1318.45;3.26
1318.96;3.26
1319.47;3.26
1319.98;3.26
1320.48;3.26
1320.98;3.26
1321.48;3.26
1321.98;3.26
1322.48;3.26
1322.98;3.26
1323.48;3.26
1323.98;3.26
1324.48;3.26
1324.99;3.26
1325.5;3.26
1326.01;3.26
1326.52;3.26
1327.03;3.26
1327.53;3.26
1328.03;3.26
1328.53;3.26
1329.03;3.26
1329.53;3.26
1330.03;3.26
1330.53;3.26
1331.03;3.26
1331.53;3.26
1332.04;3.26
1332.55;3.26
1333.05;3.26
1333.55;3.26
1334.05;3.26
1334.56;3.26
1335.06;3.26
1335.56;3.26
1336.07;3.26
1336.57;3.26
1337.07;3.26
1337.57;3.26
1338.07;3.26
1338.57;3.26
1339.07;3.26
1339.57;3.26
1340.07;3.26
1340.57;3.26
1341.07;3.26
1341.57;3.26
1342.07;3.26
1342.58;3.26
1343.08;3.26
1343.58;3.26
1344.09;3.26
1344.6;3.26
1345.11;3.26
1345.62;3.26
1346.13;3.26
1346.64;3.26
1347.15;3.26
1347.66;3.26
1348.16;3.26
1348.66;3.26
1349.16;3.26
1349.66;3.26
1350.16;3.26
1350.66;3.26
1351.17;3.26
1351.67;3.26
1352.17;3.26
1352.67;3.26
1353.17;3.26
1353.67;3.26
1354.17;3.26
1354.68;3.26
1355.18;3.26
1355.68;3.26
1356.18;3.26
1356.68;3.26
1357.18;3.26
1357.68;3.26
1358.18;3.26
1358.68;3.26
1359.18;3.26
1359.68;3.26
1360.18;3.26
1360.68;3.26
1361.18;3.26
1361.68;3.26
1362.18;3.26
1362.68;3.26
1363.18;3.26
1363.69;3.26
1364.19;3.26
1364.69;3.26
1365.19;3.26
1365.69;3.26
1366.19;3.26
1366.7;3.26
1367.2;3.26
1367.7;3.26
1368.21;3.26
1368.72;3.26
1369.23;3.26
1369.74;3.26
1370.24;3.26
1370.74;3.26
1371.24;3.26
1371.74;3.26
1372.24;3.26
1372.74;3.26
1373.24;3.26
1373.74;3.26
1374.24;3.26
1374.74;3.26
1375.25;3.26
1375.76;3.26
1376.27;3.26
1376.78;3.26
1377.28;3.26
1377.78;3.26
1378.28;3.27
1378.78;3.27
1379.28;3.27
1379.78;3.26
1380.28;3.26
1380.78;3.26
1381.28;3.26
1381.78;3.27
1382.28;3.27
1382.78;3.27
1383.28;3.27
1383.78;3.27
1384.29;3.27
1384.79;3.26
1385.29;3.26
1385.79;3.26
1386.29;3.26
1386.79;3.26
1387.29;3.26
1387.79;3.26
1388.29;3.26
1388.79;3.26
1389.29;3.26
1389.79;3.26
1390.29;3.26
1390.79;3.26
1391.29;3.27
1391.79;3.27
1392.29;3.27
1392.79;3.27
1393.29;3.27
1393.79;3.27
1394.29;3.27
1394.79;3.27
1395.29;3.27
1395.79;3.27
1396.29;3.27
1396.79;3.27
1397.29;3.27
1397.79;3.27
1398.29;3.27
1398.79;3.27
1399.3;3.27
1399.8;3.26
1400.3;3.26
1400.8;3.26
1401.3;3.26
1401.8;3.26
1402.3;3.26
1402.8;3.26
1403.3;3.26
1403.8;3.26
1404.3;3.26
1404.8;3.26
1405.3;3.26
1405.8;3.26
1406.3;3.26
1406.8;3.26
1407.3;3.27
1407.81;3.27
1408.31;3.27
1408.82;3.27
1409.32;3.27
1409.82;3.27
1410.32;3.27
1410.82;3.27
1411.32;3.27
1411.82;3.27
1412.32;3.27
1412.82;3.27
1413.32;3.27
1413.82;3.27
1414.32;3.27
1414.82;3.27
1415.32;3.27
1415.82;3.27
1416.32;3.27
1416.82;3.27
1417.32;3.27
1417.83;3.27
1418.33;3.27
1418.83;3.26
1419.33;3.26
1419.83;3.26
1420.33;3.26
1420.83;3.27
1421.33;3.27
1421.83;3.27
1422.33;3.27
1422.83;3.27
1423.33;3.27
1423.83;3.27
1424.33;3.27
1424.83;3.27
1425.33;3.27
1425.83;3.27
1426.33;3.27
1426.83;3.27
1427.33;3.27
1427.83;3.27
1428.33;3.27
1428.83;3.27
1429.33;3.27
1429.83;3.27
1430.33;3.27
1430.83;3.27
1431.33;3.27
1431.83;3.27
1432.33;3.27
1432.83;3.27
1433.33;3.27
1433.83;3.27
1434.33;3.27
1434.83;3.27
1435.33;3.27
1435.83;3.27
1436.33;3.27
1436.83;3.27
1437.34;3.27
1437.85;3.27
1438.35;3.27
1438.86;3.27
1439.36;3.27
1439.86;3.27
1440.36;3.27
1440.86;3.27
1441.36;3.27
1441.86;3.27
1442.36;3.27
1442.86;3.27
1443.36;3.27
1443.86;3.27
1444.36;3.27
1444.86;3.27
1445.36;3.27
1445.86;3.27
1446.36;3.27
1446.86;3.27
1447.36;3.27
1447.86;3.27
1448.36;3.27
1448.86;3.27
1449.37;3.27
1449.87;3.27
1450.37;3.27
1450.87;3.27
1451.37;3.27
1451.87;3.27
1452.37;3.27
1452.87;3.27
1453.37;3.27
1453.87;3.27
1454.37;3.27
1454.87;3.27
1455.37;3.27
1455.87;3.27
1456.37;3.27
1456.87;3.27
1457.37;3.27
1457.87;3.27
1458.38;3.27
1458.88;3.27
1459.39;3.27
1459.89;3.27
1460.4;3.27
1460.9;3.27
1461.41;3.27
1461.91;3.27
1462.42;3.27
1462.92;3.27
1463.42;3.27
1463.92;3.27
1464.42;3.27
1464.92;3.27
1465.42;3.27
1465.92;3.27
1466.42;3.27
1466.92;3.27
1467.42;3.27
1467.92;3.27
1468.42;3.27
1468.92;3.27
1469.42;3.27
1469.93;3.27
1470.42;3.27
1470.92;3.27
1471.43;3.27
1471.94;3.27
1472.45;3.27
1472.96;3.27
1473.47;3.27
1473.97;3.27
1474.47;3.27
1474.97;3.27
1475.47;3.27
1475.97;3.27
1476.47;3.27
1476.97;3.27
1477.47;3.27
1477.97;3.27
1478.47;3.27
1478.98;3.27
1479.49;3.27
1480.0;3.27
1480.51;3.27
1481.02;3.27
1481.52;3.27
1482.02;3.27
1482.53;3.27
1483.03;3.27
1483.53;3.27
1484.03;3.27
1484.53;3.27
1485.03;3.27
1485.53;3.27
1486.03;3.27
1486.53;3.27
1487.03;3.27
1487.53;3.27
1488.03;3.27
1488.53;3.27
1489.03;3.27
1489.53;3.27
1490.03;3.27
1490.53;3.27
1491.03;3.27
1491.53;3.27
1492.03;3.27
1492.53;3.27
1493.03;3.27
1493.53;3.27
1494.03;3.27
1494.53;3.27
1495.03;3.27
1495.53;3.27
1496.03;3.27
1496.53;3.27
1497.03;3.27
1497.53;3.27
1498.03;3.27
1498.54;3.27
1499.04;3.27
1499.55;3.27
1500.05;3.27
1500.56;3.27
1501.06;3.27
1501.57;3.27
1502.07;3.27
1502.58;3.27
1503.08;3.27
1503.59;3.27
1504.09;3.27
1504.6;3.27
1505.1;3.27
1505.61;3.27
1506.11;3.27
1506.62;3.27
1507.12;3.27
1507.63;3.27
1508.13;3.27
1508.63;3.27
1509.13;3.27
1509.64;3.27
1510.14;3.27
1510.65;3.27
1511.15;3.27
1511.66;3.27
1512.16;3.27
1512.67;3.27
1513.17;3.27
1513.68;3.27
1514.18;3.27
1514.69;3.27
1515.19;3.27
1515.69;3.27
1516.19;3.27
1516.7;3.27
1517.2;3.27
1517.7;3.27
1518.2;3.27
1518.7;3.27
1519.2;3.27
1519.7;3.27
1520.2;3.27
1520.7;3.27
1521.2;3.27
1521.7;3.27
1522.2;3.27
1522.7;3.27
1523.2;3.27
1523.7;3.27
1524.2;3.27
1524.7;3.27
1525.2;3.27
1525.7;3.27
1526.2;3.27
1526.7;3.27
1527.2;3.27
1527.7;3.27
1528.2;3.27
1528.7;3.27
1529.2;3.27
1529.7;3.27
1530.2;3.27
1530.7;3.27
1531.2;3.27
1531.7;3.27
1532.2;3.27
1532.7;3.27
1533.2;3.27
1533.7;3.27
1534.2;3.27
1534.7;3.27
1535.2;3.27
1535.7;3.27
1536.2;3.27
1536.7;3.27
1537.2;3.28
1537.7;3.28
1538.2;3.28
1538.7;3.28
1539.2;3.28
1539.7;3.28
1540.2;3.28
1540.7;3.28
1541.2;3.28
1541.7;3.28
1542.2;3.28
1542.7;3.28
1543.2;3.28
1543.7;3.28
1544.2;3.28
1544.7;3.28
1545.2;3.28
1545.7;3.28
1546.2;3.28
1546.7;3.28
1547.2;3.28
1547.7;3.28
1548.2;3.28
1548.7;3.28
1549.2;3.28
1549.7;3.28
1550.2;3.28
1550.7;3.28
1551.2;3.28
1551.7;3.28
1552.2;3.28
1552.7;3.28
1553.2;3.28
1553.71;3.28
1554.21;3.28
1554.72;3.28
1555.22;3.27
1555.72;3.27
1556.22;3.27
1556.72;3.27
1557.22;3.27
1557.72;3.27
1558.22;3.27
1558.72;3.27
1559.22;3.27
1559.72;3.27
1560.22;3.27
1560.72;3.27
1561.22;3.27
1561.72;3.27
1562.22;3.27
1562.72;3.27
1563.22;3.27
1563.73;3.27
1564.23;3.27
1564.74;3.27
1565.24;3.27
1565.74;3.27
1566.24;3.27
1566.74;3.27
1567.24;3.27
1567.74;3.27
1568.24;3.27
1568.75;3.27
1569.25;3.27
1569.76;3.27
1570.26;3.27
1570.77;3.27
1571.27;3.28
1571.78;3.28
1572.28;3.28
1572.79;3.28
1573.29;3.28
1573.8;3.28
1574.3;3.28
1574.81;3.28
1575.31;3.28
1575.82;3.28
1576.32;3.28
1576.83;3.28
1577.33;3.28
1577.84;3.28
1578.34;3.28
1578.84;3.28
1579.34;3.28
1579.84;3.28
1580.34;3.28
1580.84;3.28
1581.34;3.28
1581.84;3.28
1582.34;3.28
1582.84;3.28
1583.34;3.28
1583.85;3.28
1584.35;3.28
1584.85;3.28
1585.35;3.28
1585.86;3.28
1586.36;3.28
1586.87;3.28
1587.37;3.28
1587.87;3.28
1588.37;3.28
1588.87;3.28
1589.37;3.28
1589.87;3.28
1590.37;3.28
1590.88;3.28
1591.38;3.28
1591.88;3.28
1592.38;3.28
1592.89;3.28
1593.39;3.28
1593.9;3.28
1594.4;3.28
1594.91;3.28
1595.42;3.28
1595.93;3.28
1596.44;3.28
1596.94;3.28
1597.44;3.28
1597.94;3.28
1598.44;3.28
1598.94;3.28
1599.44;3.28
1599.94;3.28
1600.44;3.28
1600.94;3.28
1601.44;3.28
1601.94;3.28
1602.45;3.28
1602.95;3.28
1603.45;3.28
1603.95;3.28
1604.45;3.28
1604.95;3.28
1605.45;3.28
1605.95;3.28
1606.45;3.28
1606.95;3.28
1607.45;3.28
1607.95;3.28
1608.45;3.28
1608.95;3.28
1609.46;3.28
1609.96;3.28
1610.47;3.28
1610.97;3.28
1611.47;3.28
1611.97;3.28
1612.47;3.28
1612.97;3.28
1613.48;3.28
1613.99;3.28
1614.5;3.28
1615.01;3.28
1615.52;3.28
1616.03;3.28
1616.53;3.28
1617.03;3.28
1617.53;3.28
1618.03;3.28
1618.53;3.28
1619.03;3.28
1619.53;3.28
1620.03;3.28
1620.53;3.28
1621.03;3.28
1621.53;3.28
1622.04;3.28
1622.54;3.28
1623.04;3.28
1623.54;3.28
1624.04;3.28
1624.55;3.28
1625.05;3.28
1625.56;3.28
1626.06;3.28
1626.57;3.28
1627.07;3.28
1627.58;3.28
1628.08;3.28
1628.59;3.28
1629.09;3.28
1629.6;3.28
1630.1;3.28
1630.61;3.28
1631.11;3.28
1631.62;3.28
1632.12;3.28
1632.63;3.28
1633.13;3.28
1633.64;3.28
1634.14;3.28
1634.65;3.28
1635.15;3.28
1635.66;3.28
1636.16;3.28
1636.66;3.28
1637.16;3.28
1637.66;3.28
1638.16;3.28
1638.66;3.28
1639.16;3.28
1639.66;3.28
1640.16;3.28
1640.66;3.28
1641.16;3.28
1641.66;3.28
1642.16;3.28
1642.67;3.28
1643.17;3.28
1643.68;3.28
1644.18;3.28
1644.69;3.28
1645.19;3.28
1645.7;3.28
1646.2;3.28
1646.71;3.28
1647.21;3.28
1647.71;3.28
1648.21;3.28
1648.71;3.28
1649.21;3.28
1649.71;3.28
1650.21;3.28
1650.71;3.28
1651.21;3.28
1651.71;3.28
1652.21;3.28
1652.71;3.28
1653.21;3.28
1653.71;3.28
1654.21;3.28
1654.71;3.28
1655.21;3.28
1655.71;3.28
1656.21;3.28
1656.71;3.28
1657.21;3.28
1657.71;3.28
1658.21;3.28
1658.72;3.28
1659.22;3.28
1659.73;3.28
1660.23;3.28
1660.74;3.28
1661.24;3.28
1661.75;3.28
1662.25;3.28
1662.76;3.28
1663.26;3.28
1663.77;3.28
1664.27;3.28
1664.78;3.28
1665.28;3.28
1665.79;3.28
1666.29;3.28
1666.8;3.28
1667.3;3.28
1667.81;3.28
1668.31;3.28
1668.81;3.28
1669.31;3.28
1669.81;3.29
1670.31;3.29
1670.81;3.28
1671.31;3.28
1671.81;3.28
1672.31;3.28
1672.81;3.28
1673.31;3.28
1673.81;3.28
1674.31;3.28
1674.81;3.28
1675.31;3.28
1675.81;3.28
1676.31;3.28
1676.81;3.28
1677.31;3.28
1677.81;3.28
1678.31;3.28
1678.81;3.28
1679.31;3.28
1679.81;3.28
1680.31;3.28
1680.81;3.28
1681.31;3.28
1681.81;3.28
1682.31;3.28
1682.81;3.28
1683.31;3.28
1683.81;3.28
1684.31;3.28
1684.81;3.28
1685.31;3.28
1685.81;3.28
1686.31;3.28
1686.81;3.28
1687.31;3.28
1687.81;3.28
1688.31;3.28
1688.81;3.28
1689.31;3.28
1689.81;3.28
1690.31;3.28
1690.81;3.28
1691.31;3.28
1691.82;3.28
1692.32;3.28
1692.82;3.28
1693.32;3.28
1693.82;3.28
1694.32;3.28
1694.82;3.28
1695.32;3.28
1695.82;3.28
1696.33;3.28
1696.83;3.28
1697.34;3.28
1697.84;3.28
1698.35;3.28
1698.85;3.28
1699.36;3.28
1699.86;3.28
1700.37;3.28
1700.88;3.28
1701.39;3.28
1701.89;3.28
1702.39;3.28
1702.89;3.28
1703.39;3.28
1703.89;3.28
1704.39;3.28
1704.89;3.28
1705.39;3.28
1705.89;3.28
1706.39;3.28
1706.89;3.29
1707.39;3.29
1707.89;3.29
1708.39;3.29
1708.89;3.29
1709.39;3.29
1709.89;3.29
1710.39;3.29
1710.89;3.29
1711.39;3.29
1711.89;3.29
1712.39;3.29
1712.89;3.29
1713.39;3.29
1713.89;3.29
1714.39;3.29
1714.89;3.29
1715.39;3.29
1715.9;3.29
1716.39;3.29
1716.89;3.29
1717.39;3.29
1717.89;3.29
1718.39;3.29
1718.89;3.29
1719.39;3.29
1719.89;3.29
1720.39;3.29
1720.89;3.29
1721.39;3.29
1721.89;3.29
1722.39;3.29
1722.89;3.29
1723.4;3.29
1723.91;3.29
1724.41;3.29
1724.91;3.29
1725.41;3.29
1725.91;3.29
1726.41;3.29
1726.91;3.29
1727.42;3.29
1727.92;3.29
1728.43;3.29
1728.93;3.29
1729.44;3.29
1729.94;3.28
1730.45;3.28
1730.95;3.28
1731.46;3.28
1731.96;3.28
1732.47;3.28
1732.97;3.28
1733.48;3.28
1733.98;3.28
1734.49;3.28
1734.99;3.28
1735.49;3.28
1736.0;3.28
1736.5;3.28
1737.01;3.28
1737.51;3.28
1738.01;3.28
1738.51;3.28
1739.01;3.28
1739.51;3.28
1740.01;3.28
1740.51;3.28
1741.01;3.28
1741.51;3.28
1742.01;3.28
1742.51;3.28
1743.01;3.28
1743.51;3.28
1744.01;3.28
1744.51;3.28
1745.01;3.28
1745.51;3.28
1746.01;3.28
1746.51;3.28
1747.01;3.28
1747.51;3.28
1748.01;3.28
1748.51;3.28
1749.03;3.28
1749.53;3.28
1750.05;3.28
1750.55;3.28
1751.07;3.29
1751.56;3.29
1752.07;3.29
1752.57;3.29
1753.07;3.29
1753.57;3.29
1754.07;3.29
1754.57;3.29
1755.07;3.29
1755.57;3.29
1756.07;3.29
1756.58;3.29
1757.07;3.29
1757.58;3.29
1758.07;3.29
1758.58;3.29
1759.07;3.29
1759.58;3.29
1760.07;3.29
1760.57;3.29
1761.07;3.29
1761.57;3.29
1762.07;3.29
1762.57;3.28
1763.07;3.28
1763.57;3.28
1764.07;3.28
1764.57;3.28
1765.09;3.28
1765.59;3.28
1766.11;3.28
1766.61;3.28
1767.13;3.28
1767.62;3.28
1768.13;3.28
1768.63;3.28
1769.13;3.28
1769.62;3.28
1770.13;3.28
1770.62;3.28
1771.13;3.28
1771.63;3.28
1772.15;3.28
1772.64;3.28
1773.14;3.28
1773.65;3.28
1774.14;3.28
1774.65;3.28
1775.14;3.28
1775.65;3.28
1776.14;3.28
1776.64;3.28
1777.14;3.28
1777.65;3.28
1778.15;3.28
1778.64;3.28
1779.15;3.28
1779.65;3.28
1780.16;3.28
1780.65;3.28
1781.16;3.28
1781.65;3.28
1782.16;3.28
1782.65;3.28
1783.16;3.28
1783.65;3.28
1784.16;3.28
1784.66;3.28
1785.16;3.28
1785.66;3.28
1786.16;3.28
1786.67;3.28
1787.16;3.28
1787.67;3.28
1788.18;3.28
1788.68;3.28
1789.18;3.29
1789.68;3.29
1790.18;3.29
1790.68;3.29
1791.18;3.29
1791.68;3.29
1792.19;3.29
1792.7;3.29
1793.2;3.29
1793.7;3.28
1794.2;3.28
1794.7;3.28
1795.21;3.28
1795.71;3.28
1796.22;3.28
1796.72;3.28
1797.23;3.28
1797.73;3.28
1798.24;3.28
1798.74;3.28
1799.25;3.28
1799.74;3.28
1800.25;3.28
1800.74;3.28
1801.25;3.28
1801.74;3.28
1802.25;3.28
1802.74;3.28
1803.25;3.28
1803.74;3.28
1804.25;3.28
1804.74;3.28
1805.25;3.28
1805.76;3.28
1806.27;3.28
1806.76;3.28
1807.27;3.28
1807.77;3.28
1808.28;3.28
1808.77;3.28
1809.28;3.28
1809.79;3.28
1810.29;3.29
1810.79;3.29
1811.29;3.29
1811.79;3.29
1812.29;3.29
1812.79;3.29
1813.29;3.29
1813.79;3.29
1814.29;3.29
1814.79;3.29
1815.29;3.29
1815.79;3.29
1816.29;3.29
1816.79;3.29
1817.29;3.29
1817.79;3.29
1818.29;3.29
1818.78;3.29
1819.29;3.29
1819.78;3.29
1820.29;3.29
1820.78;3.29
1821.29;3.29
1821.78;3.29
1822.29;3.29
1822.79;3.29
1823.29;3.28
1823.79;3.28
1824.29;3.28
1824.79;3.28
1825.28;3.28
1825.79;3.28
1826.28;3.28
1826.79;3.28
1827.28;3.28
1827.79;3.28
1828.28;3.28
1828.79;3.28
1829.28;3.28
1829.79;3.28
1830.29;3.28
1830.79;3.28
1831.29;3.28
1831.78;3.28
1832.29;3.28
1832.78;3.28
1833.29;3.28
1833.79;3.28
1834.29;3.28
1834.79;3.28
1835.29;3.28
1835.79;3.28
1836.29;3.28
1836.79;3.28
1837.29;3.28
1837.78;3.28
1838.29;3.28
1838.78;3.28
1839.29;3.28
1839.78;3.28
1840.29;3.28
1840.8;3.28
1841.31;3.28
1841.82;3.28
1842.33;3.28
1842.84;3.28
1843.35;3.28
1843.86;3.28
1844.37;3.28
1844.87;3.28
1845.37;3.28
1845.86;3.28
1846.37;3.28
1846.88;3.28
1847.38;3.28
1847.88;3.28
1848.39;3.28
1848.88;3.28
1849.39;3.28
1849.88;3.28
1850.39;3.28
1850.88;3.28
1851.39;3.28
1851.89;3.28
1852.39;3.28
1852.89;3.28
1853.39;3.28
1853.9;3.28
1854.4;3.28
1854.9;3.28
1855.4;3.28
1855.9;3.28
1856.4;3.28
1856.91;3.28
1857.42;3.28
1857.92;3.28
1858.42;3.28
1858.92;3.28
1859.42;3.28
1859.92;3.28
1860.42;3.28
1860.92;3.28
1861.43;3.28
1861.94;3.28
1862.45;3.28
1862.95;3.28
1863.45;3.28
1863.95;3.28
1864.46;3.28
1864.96;3.28
1865.47;3.28
1865.97;3.28
1866.48;3.28
1866.99;3.28
1867.49;3.28
1867.99;3.28
1868.49;3.28
1868.99;3.28
1869.49;3.28
1869.99;3.28
1870.49;3.28
1871.0;3.29
1871.51;3.29
1872.02;3.29
1872.52;3.29
1873.02;3.29
1873.53;3.29
1874.03;3.28
1874.53;3.28
1875.03;3.28
1875.53;3.28
1876.03;3.28
1876.53;3.28
1877.03;3.28
1877.53;3.28
1878.03;3.28
1878.53;3.28
1879.03;3.28
1879.53;3.28
1880.03;3.28
1880.53;3.28
1881.04;3.28
1881.54;3.28
1882.05;3.28
1882.55;3.28
1883.06;3.28
1883.56;3.28
1884.06;3.28
1884.56;3.28
1885.06;3.28
1885.56;3.28
1886.07;3.28
1886.57;3.28
1887.08;3.28
1887.59;3.28
1888.09;3.28
1888.6;3.28
1889.11;3.28
1889.61;3.28
1890.12;3.28
1890.62;3.28
1891.12;3.28
1891.62;3.28
1892.12;3.28
1892.62;3.28
1893.12;3.28
1893.62;3.28
1894.12;3.28
1894.62;3.28
1895.13;3.28
1895.63;3.28
1896.13;3.28
1896.63;3.28
1897.13;3.28
1897.63;3.28
1898.13;3.28
1898.63;3.28
1899.14;3.28
1899.64;3.28
1900.15;3.28
1900.65;3.28
1901.15;3.28
1901.65;3.28
1902.15;3.28
1902.65;3.28
1903.15;3.28
1903.65;3.28
1904.15;3.28
1904.65;3.28
1905.15;3.28
1905.65;3.28
1906.15;3.28
1906.65;3.28
1907.15;3.28
1907.65;3.28
1908.15;3.28
1908.65;3.28
1909.15;3.28
1909.65;3.28
1910.15;3.28
1910.65;3.28
1911.15;3.28
1911.65;3.28
1912.15;3.28
1912.65;3.28
1913.15;3.28
1913.65;3.28
1914.15;3.28
1914.66;3.28
1915.16;3.28
1915.66;3.28
1916.16;3.28
1916.66;3.28
1917.16;3.28
1917.66;3.28
1918.16;3.28
1918.66;3.29
1919.16;3.29
1919.66;3.29
1920.16;3.29
1920.66;3.29
1921.16;3.29
1921.66;3.29
1922.16;3.29
1922.66;3.29
1923.16;3.29
1923.66;3.29
1924.16;3.29
1924.66;3.29
1925.16;3.29
1925.66;3.29
1926.16;3.29
1926.66;3.29
1927.16;3.29
1927.66;3.29
1928.16;3.29
1928.66;3.29
1929.16;3.29
1929.66;3.29
1930.16;3.29
1930.66;3.29
1931.17;3.29
1931.68;3.29
1932.18;3.29
1932.68;3.29
1933.18;3.29
1933.68;3.29
1934.18;3.28
1934.68;3.28
1935.18;3.28
1935.68;3.28
1936.18;3.28
1936.68;3.28
1937.18;3.28
1937.68;3.28
1938.19;3.28
1938.69;3.28
1939.19;3.28
1939.69;3.28
1940.19;3.28
1940.69;3.28
1941.19;3.28
1941.69;3.28
1942.19;3.28
1942.7;3.28
1943.21;3.28
1943.72;3.28
1944.22;3.28
1944.72;3.28
1945.22;3.28
1945.72;3.28
1946.22;3.28
1946.72;3.28
1947.22;3.28
1947.72;3.28
1948.23;3.28
1948.73;3.28
1949.23;3.28
1949.73;3.28
1950.23;3.28
1950.73;3.28
1951.23;3.28
1951.73;3.28
